105
105
114,128,85,79
45,50,148,116
38,115
125,118,37,49
38,44,48,94,112
102,75
45,71,150,131
38,88,150,128
42,56,150,127
103,38,156,150,128
30,14,70,62
19,15,92,62
15,91
21
34,158,128,17,34,36,33,9,6
26,94,126,146,121,117,13,67,130
27,54,81,65
21
17,80,86,128
103,112
18,57,27,55
113
22,38,142,145
47,39,32,41,93,163,51,61,7
138,78,83
28,76,82,47,90,7
141,36,29,144
23,100,38,97,112
22,87,155,112
157,5,99,36,31
109,162,159
149,129,161
122,73
19,108,96,54,95,53,64,7
20,68,63,152,154,153
22,69,72,98,40
38,119,10,6
19,46,135,38,43,139,16,101,107
25,45,120,160
66,140,21
27,45,59,74,111,8
111,14,128,137,77,89,65
134,128
134,4
41,84,124
143,12,52,83,106
87,123,147,132
24,42,133,104,60
45,47,33,11,58,110,151,128
35,41,136,151,128
105
114,128,85,79
45,50,148,116
38,115
125,118,37,49
38,44,48,94,112
102,75
45,71,150,131
38,88,150,128
42,56,150,127
103,38,156,150,128
30,14,70,62
19,15,92,62
15,91
21
34,158,128,17,34,36,33,9,6
26,94,126,146,121,117,13,67,130
27,54,81,65
21
17,80,86,128
103,112
18,57,27,55
113
22,38,142,145
47,39,32,41,93,163,51,61,7
138,78,83
28,76,82,47,90,7
141,36,29,144
23,100,38,97,112
22,87,155,112
157,5,99,36,31
109,162,159
149,129,161
122,73
19,108,96,54,95,53,64,7
20,68,63,152,154,153
22,69,72,98,40
38,119,10,6
19,46,135,38,43,139,16,101,107
25,45,120,160
66,140,21
27,45,59,74,111,8
111,14,128,137,77,89,65
134,128
134,4
41,84,124
143,12,52,83,106
87,123,147,132
24,42,133,104,60
45,47,33,11,58,110,151,128
35,41,136,151,128
105